311341
386090
729366178
365032514
365132806
365193737
365196439
876029
883732
1007113
365564068
730132531
730244364
730273584
1391279
366255369
1778391
1803734
366342943
366378731
366424533
2082800
2096338
2199940
366747091
2288021
731314848
731377966
2504612
2545878
367282836
3136720
3162421
367705878
3239009
367964916
3600215
368099600
3795890
368394722
368441748
368494474
368496819
368655165
368696206
4481627
4552980
369075073
369108514
4749120
369278247
4988717
5142006
734247677
5601364
5811731
370335847
6060443
6184708
735263058
370801337
6444243
6559535
6585419
6857094
6954490
7189507
371812874
7381713
371891846
7465473
7549575
372236129
7802389
7910238
737180373
373205649
737763309
8844044
373342364
373347685
373356676
373679387
9218881
9288626
373821222
9904778
9941630
10091707
10273115
10293019
739307701
10363801
374895762
10414437
10597986
375110953
739619202
10687812
10693408
10713383
375373375
375382952
11150493
11184212
11429582
740455497
376088744
376101800
11753531
11897613
376425404
12145450
12205060
12293283
376827209
12374949
12517580
377032026
741632978
377267878
12867705
377414116
377473943
742045318
377569762
13116618
13202873
377751740
13399384
378546305
14064679
378831811
14378775
14559686
743608994
743702606
743825925
14870069
14871130
744147262
15487052
380018241
15594085
380141363
380305950
744846380
380375017
380613317
380658371
745180837
745396896
381116885
381218992
381227991
16775617
746099474
746176108
17271228
17341337
381873716
746422758
746425254
746552721
746680837
382318394
746863142
17895290
747003271
18069240
747079447
382944398
747612001
18740828
383396003
747921524
19022108
748038283
383865985
19453470
384091645
384161483
748676373
748748030
748931477
384589359
384618342
749114706
20348186
749895823
385429507
20976284
20983800
21146006
750255357
21347674
385835733
385908806
750460468
21485146
386045028
386046239
21619798
386145888
386162395
750787607
750824607
750891257
22245556
386744445
386814484
22457987
387019173
22640882
22659463
22759064
23038193
752046978
387652267
387761990
387917102
752584329
23623114
388143953
23711426
388272161
388297960
23887434
24208941
388730312
388854999
388869764
24465176
389082844
753755613
389305056
24958817
753939044
389601357
25367674
25381339
389999156
754541595
25677897
390431028
754948687
755045793
390566600
755229740
390933002
391258044
26811174
26906170
391626232
756134796
1120840000
27382585
756420225
392076674
392228543
756742585
757085735
392733292
28297487
28447773
28471945
757509319
393116109
757753410
757840438
29130019
393982807
758507402
29570554
758555691
394166605
394178301
758701201
394452688
394477161
30234864
394723411
30405665
394979855
395257768
759788446
30896239
31001481
760064936
31125015
395635141
31245172
395807415
31511769
31550087
760572789
31847371
760884790
396448531
396509238
32061644
396549886
32111916
32127705
761163405
396710164
397038186
32727094
397336808
32877748
32942310
397438342
397496761
397543651
762258324
397914175
33823066
33919172
398519821
398771427
398852714
398874063
34864284
763845110
34884215
34921353
763898088
35213620
399708387
399926373
400066902
35703122
400319311
400487105
36134339
765145678
400710620
400712177
400835155
400874757
36484499
401034170
401081438
401404116
401413113
36962370
37087308
37337591
401942578
37547757
402140528
37653334
37753911
766768082
37795383
402295441
402367309
37888518
37891641
402550948
402612848
38295270
402957876
38616863
403140929
403143797
38742490
38757771
403322780
403381951
403783343
39366108
768814516
404333175
404353961
768893693
404465729
39998125
404503758
40091651
404599471
404977731
40609476
40857417
770382918
405908417
41719056
41932583
42226589
42370986
407008004
42523167
771537720
42624690
407503792
407522561
407600782
43272471
407763136
407847999
43405915
407949694
43501242
407994727
43629452
43721894
408276274
408534448
408589403
773096408
773186048
408749553
44363236
408911658
408973557
44517647
773558690
44654446
409324261
44914268
409637056
45164611
45264484
409785802
409795569
774309200
45416594
45447375
410131736
410157410
45720839
410223814
410470517
410645985
410655753
410712551
775285659
46358705
775478382
46575405
411208839
411486363
775994912
47038481
411559109
47084652
47174617
411751794
776270495
411874790
47440430
411933870
776690032
412207587
412353800
47976319
777082856
412744173
48386794
777402446
412939021
778108461
49578238
49596790
778625176
49675799
414245736
49821227
414480032
50095076
50108997
50382664
50446273
779471478
50753999
415281033
415289662
415305535
415347068
50901166
415435639
415839914
51366584
51914721
416447272
51988544
416919046
417002564
52532585
52590877
781704964
417261630
52807980
53080245
782080109
417600495
53301334
53445990
53473338
53497812
782599194
418114826
53850275
418405022
418468931
418485295
418771755
54438620
54725654
419658043
784231229
419755216
419765960
419834527
419951368
419964680
784558864
420220800
55927851
420445077
55964091
420498164
420577823
56180347
56236465
420910024
785448365
421015669
421159651
421242735
785731662
56847689
421401276
421637937
421751909
57297189
786369246
421925667
786711252
57854532
57869322
786971018
58092531
422645101
58272450
58279126
58288299
58349505
787409567
58478568
58495338
422984849
58564405
58675247
787653052
787771493
58869675
423383279
58940203
59029081
423716387
423751118
59748641
59759843
788847823
424406299
788921551
788934728
424528765
424553049
60104995
60120037
60280166
60409309
60617000
60630717
60836488
60930119
60953802
425682520
425712203
425948193
61569537
426076798
61722512
61782045
426369164
426481910
62099311
426648650
426678996
426723031
791292077
426812427
426904776
62421412
791407803
427196953
62747245
427235119
427337786
427453424
427488735
63039665
63380620
63781432
63918377
63997793
428502928
793191697
428727265
64421065
64471137
64581836
429090702
429238349
429352505
793988734
65019598
429735214
65297917
429851816
429857824
430087768
430150044
65816006
65918940
430591536
430668448
66319592
66369843
430916200
66691209
795849899
795926733
66983790
67000417
67058278
431617553
431948316
432059136
432237259
432301352
432332094
432521199
432768046
797450415
797512360
68738713
433298809
433371594
433418235
797965899
433608821
69196058
69237155
433787574
433882694
434155311
69816001
69983833
70116368
799116279
434972480
435052653
70590272
435142634
799663258
435205728
435554217
800169941
435791554
71421668
71504209
71721125
71856071
72027409
436532931
72188692
801398389
436914919
437124065
437290193
437426460
437866102
73452684
73502378
438075098
438149113
73735187
73785698
73787421
74022476
74152132
74412202
438938547
439092979
74690852
439266298
803885075
439549259
804140944
439675510
75225673
75316162
75365912
439947798
805031173
440855576
76742435
77033263
77035066
806043970
77071719
441666375
77260460
441844563
441888526
441980746
77543392
442194463
442209804
442246229
442431333
77964602
78220175
78399245
78434417
442956802
443255516
78804642
443314838
78915900
808078541
79441365
444030162
444151920
808665240
79743072
79786206
79825583
808985853
80118459
444643135
80159076
444710354
80290480
80345976
80361498
444984196
809503850
445171974
80697929
80736575
809723503
445271186
445371387
80950328
445514343
810350700
810480295
446017112
810542273
81866710
446485116
446487413
811010318
82123294
811712119
82781140
83064953
812078656
447905612
448082923
448133731
812851160
813364950
84439732
84613000
84737801
449269201
449358841
449522840
449676701
449679100
85580278
85641496
85901181
450431050
86038320
86191191
450749793
86273538
86585233
86626208
451329714
451368896
451383531
451446054
86976856
451538650
87295481
816327148
87564186
452194261
87946338
88046787
817156301
452813193
453000212
88551896
453281055
88824678
453535582
818072232
89139194
89384173
454261381
89826690
454348755
89861358
90139299
90318008
90377140
90706975
90771628
90809664
455444846
455463930
91052658
820085316
455669115
820160827
91288711
91452058
455955796
456065725
91620546
456110278
456112007
91659868
91892188
456488493
456708327
92257346
456756445
92408306
456932833
92532388
92654157
93160093
457663907
457949417
458432758
822986114
458587015
823077052
458626563
94183019
823177148
94212769
458873661
94475968
458970408
94546071
459111537
459144818
459333271
94875478
823867921
823977044
459802208
459949546
460040842
95733182
460329820
95900731
460427157
460534704
460597487
460723844
460789072
96405519
96540597
461153520
96741416
825733094
825789454
826006682
97245791
97272905
461990889
97583278
462073124
462137032
97750694
462278509
462435537
97972176
827096072
462717638
98503754
463272480
463412447
463443949
463454562
463656883
99174300
99261533
99359269
99391061
828486255
464163008
464176365
828826581
100001430
464571448
464600541
100475123
100517974
465052987
465112178
465175961
100722223
465583132
830138255
101178692
101206800
101339202
101378569
830455525
465988229
101557146
101827395
466324809
101848542
830957069
466485319
102097260
102312035
466909174
466968678
831645330
467303770
102861568
832025041
103110135
467734650
467755351
467854685
467900020
103715045
468414135
468532238
468666947
468741555
833460950
469040057
833568919
469094561
104659657
104722952
833772586
469309538
833848757
469460901
834323828
105388376
105422220
105477549
470451244
106077135
470639981
106198589
470786986
471062345
471103190
106637494
471228500
106815435
471425309
471519222
471965011
472054442
472249927
107842093
107855048
472403878
472464683
108225889
108335600
108712548
108772622
837809993
473381015
108978888
473545619
109288211
109481358
473979564
